subs    15 head rsh lsh rua lua rla lla rhd lhd rul lul rll lll rft lft

def     main
dim     0.30    0.90    0.50
end     5 head rsh rul lsh lul

def     head
dim     0.30    0.40    0.35
org     0.00    0.90    0.00
off     0.00    0.40    0.00
end     0

def     rsh
dim     0.17    0.20    0.20
org     0.05    0.60    0.45
off    -0.05    0.00    0.10
end     1 rua

def     lsh
dim     0.17    0.20    0.20
org     0.05    0.60   -0.45
off    -0.05    0.00   -0.10
end     1 lua

def     rua
dim     0.18    0.35    0.15
org     0.00   -0.18    0.10
off     0.00   -0.35    0.00
end     1 rla

def     lua
dim     0.18    0.35    0.15
org     0.00   -0.18   -0.10
off     0.00   -0.35    0.00
end     1 lla

def     rla
dim     0.18    0.38    0.15
org     0.00   -0.35    0.00
off     0.00   -0.38    0.00
end     1 rhd

def     lla
dim     0.18    0.38    0.15
org     0.00   -0.35    0.00
off     0.00   -0.38    0.00
end     1 lhd

def     rhd
dim     0.10    0.20    0.15
org     0.00   -0.38    0.00
off     0.00   -0.20    0.00
end     0

def     lhd
dim     0.10    0.20    0.15
org     0.00   -0.38    0.00
off     0.00   -0.20    0.00
end     0

def     rul
dim     0.20    0.45    0.18
org     0.00   -0.75    0.25
off     0.00   -0.45    0.00
end     1 rll

def     lul
dim     0.20    0.45    0.18
org     0.00   -0.75   -0.25
off     0.00   -0.45    0.00
end     1 lll

def     rll
dim     0.20    0.45    0.16
org     0.00   -0.45    0.00
off     0.00   -0.45    0.00
end     1 rft

def     lll
dim     0.20    0.45    0.16
org     0.00   -0.45    0.00
off     0.00   -0.45    0.00
end     1 lft

def     rft
dim     0.10    0.35    0.15
org     0.00   -0.45    0.00
off     0.00   -0.25    0.00
end     0

def     lft
dim     0.10    0.35    0.15
org     0.00   -0.45    0.00
off     0.00   -0.25    0.00
end     0

frames  28

pos
0       0.00    2.68    0.00
1       0.00    2.62    0.00
2       0.01    2.45    0.00
3       0.02    2.17    0.00
4       0.05    1.82    0.00
5       0.05    1.75    0.00
6      -0.12    2.45    0.00
7      -0.65    2.78    0.00
8      -0.90    3.20    0.00
9      -1.34    3.30    0.00
10     -1.60    2.85    0.00
11     -1.80    2.15    0.00
12     -2.10    1.85    0.00
13     -2.24    1.70    0.00
14     -2.20    1.67    0.00
15     -2.24    1.87    0.00
16     -2.30    2.03    0.00
18     -2.25    2.36    0.00
19     -2.32    2.59    0.00
20     -2.40    2.67    0.00
21     -2.42    2.68    0.00
22     -2.10    2.73    0.00
23     -1.50    2.71    0.00
24     -1.30    2.70    0.00
25     -0.85    2.68    0.00
26     -0.50    2.68    0.00
end

ang     main
0       0.00    0.00    0.00
4       0.00    0.00  -15.00
5       0.00    0.00  -18.00
6       0.00    0.00  -10.00
8       0.00    2.00  150.00
9       0.00    3.00  230.00
10      0.00    2.00  280.00
12      0.00    0.00  340.00
14      0.00    0.00  340.00
20      0.00    0.00  359.00
27      0.00    0.00  360.00
end

ang     rsh
0      -5.00    0.00    0.00
4      -5.00    0.00  -30.00
5      -5.00    0.00  -30.00
6      -5.00    0.00   20.00
7      -5.00    0.00   60.00
8      -5.00    0.00   70.00
9      -5.00    0.00    0.00
12     -5.00    0.00  -30.00
20     -5.00    0.00  -25.00
end

ang     lsh
0       5.00    0.00    0.00
4       5.00    0.00  -30.00
5       5.00    0.00  -30.00
6       5.00    0.00   20.00
7      -5.00    0.00   50.00
8       5.00    0.00   60.00
9       5.00    0.00    0.00
12      5.00    0.00  -30.00
20      5.00    0.00  -25.00
end

ang     rla
0       7.00    0.00   10.00
4       7.00    0.00   45.00
6       7.00    0.00   45.00
8       7.00    0.00   90.00
12      7.00    0.00   30.00
20      7.00    0.00   45.00
end

ang     lla
0      -7.00    0.00   10.00
4      -7.00    0.00   45.00
6      -7.00    0.00   45.00
8      -7.00    0.00   60.00
12     -7.00    0.00   25.00
20     -7.00    0.00   45.00
end

ang     rul
0       0.00   -5.00    0.00
4       0.00   -5.00   80.00
5       0.00   -5.00   85.00
6       0.00   -5.00   47.00
7       0.00   -6.00  -20.00
8       0.00   -7.00  -20.00
9       0.00   -9.00   50.00
10      0.00  -11.00   60.00
11      0.00    5.00   70.00
12      0.00   -9.00   75.00
13      0.00   -5.00   90.00
14      0.00   -5.00   87.00
16      0.00   -5.00   65.00
18      0.00   -5.00   35.00
20      0.00   -5.00    0.00
21      0.00   -5.00    0.00
23      0.00   -5.00   30.00
24      0.00   -5.00   30.00
end

ang     lul
0       0.00    5.00    0.00
4       0.00    5.00   80.00
5       0.00    5.00   85.00
6       0.00    5.00   47.00
7       0.00    5.00   10.00
8       0.00    5.00  -10.00
10      0.00    5.00   70.00
11      0.00    5.00   67.00
12      0.00    5.00   60.00
13      0.00    5.00   90.00
14      0.00    5.00   87.00
16      0.00    5.00   65.00
18      0.00    5.00   35.00
20      0.00    5.00    0.00
21      0.00    5.00    0.00
23      0.00    5.00  -20.00
24      0.00    5.00  -20.00
25      0.00    5.00  -25.00
26      0.00    5.00    0.00
end

ang     rll
0       0.00   -3.00    0.00
4       0.00   -3.00 -120.00
5       0.00   -3.00 -120.00
6       0.00   -3.00  -60.00
8       0.00   -3.00  -60.00
9       0.00   -3.00 -120.00
10      0.00   -3.00  -90.00
11      0.00   -3.00 -130.00
14      0.00   -3.00 -135.00
16      0.00   -3.00 -100.00
18      0.00   -3.00  -65.00
20      0.00   -3.00    0.00
21      0.00   -3.00    0.00
23      0.00   -3.00  -30.00
24      0.00   -3.00  -20.00
25      0.00   -3.00  -10.00
end

ang     lll
0       0.00    3.00    0.00
4       0.00    3.00 -120.00
5       0.00    3.00 -120.00
6       0.00    3.00  -60.00
8       0.00    3.00 -120.00
9       0.00    3.00  -90.00
10      0.00    3.00  -90.00
11      0.00    3.00 -130.00
14      0.00    3.00 -135.00
16      0.00    3.00 -100.00
18      0.00    3.00  -65.00
20      0.00    3.00    0.00
21      0.00    3.00    0.00
26      0.00    3.00  -30.00
end

ang     rft
0       0.00    0.00   86.00
2       0.00    0.00  110.00
4       0.00    0.00  130.00
5       0.00    0.00  135.00
6       0.00    0.00  100.00
8       0.00    0.00   30.00
9       0.00    0.00   80.00
10      0.00    0.00   90.00
12      0.00    0.00  135.00
13      0.00    0.00  135.00
14      0.00    0.00  140.00
17      0.00    0.00  130.00
18      0.00    0.00  125.00
20      0.00    0.00   86.00
25      0.00    0.00   80.00
end

ang     lft
0       0.00    0.00   86.00
2       0.00    0.00  110.00
4       0.00    0.00  130.00
5       0.00    0.00  135.00
6       0.00    0.00  100.00
8       0.00    0.00   40.00
9       0.00    0.00   80.00
10      0.00    0.00   90.00
12      0.00    0.00  135.00
13      0.00    0.00  135.00
14      0.00    0.00  140.00
17      0.00    0.00  130.00
18      0.00    0.00  125.00
20      0.00    0.00   86.00
24      0.00    0.00   86.00
25      0.00    0.00   80.00
26      0.00    0.00  100.00
end
