subs    12 neck head lfup lflw rfup rflw lhup lhlw rhup rhlw taila tailb

def     main
dim     0.90    0.50    0.40
end     6 neck lfup rfup lhup rhup taila

def     neck
dim     0.20    1.30    0.20
org     0.60    0.20    0.00
off     0.00    1.30    0.00
end     1 head

def     head
dim     0.35    0.15    0.15
org     0.00    1.30    0.00
off     0.35    0.00    0.00
end     0

def     lfup
dim     0.12    0.60    0.12
org     0.65   -0.20    0.00
off     0.00   -0.50   -0.25
end     1 lflw

def     lflw
dim     0.11    0.55    0.11
org     0.00   -0.60    0.00
off     0.00   -0.50    0.00
end     0

def     rfup
dim     0.12    0.60    0.12
org     0.65   -0.20    0.00
off     0.00   -0.50    0.25
end     1 rflw

def     rflw
dim     0.11    0.55    0.11
org     0.00   -0.60    0.00
off     0.00   -0.50    0.00
end     0

def     lhup
dim     0.12    0.60    0.12
org    -0.65   -0.20    0.00
off     0.00   -0.50   -0.25
end     1 lhlw

def     lhlw
dim     0.11    0.55    0.11
org     0.00   -0.60    0.00
off     0.00   -0.50    0.00
end     0

def     rhup
dim     0.12    0.60    0.12
org    -0.65   -0.20    0.00
off     0.00   -0.50    0.25
end     1 rhlw

def     rhlw
dim     0.11    0.55    0.11
org     0.00   -0.60    0.00
off     0.00   -0.50    0.00
end     0

def     taila
dim     0.40    0.10    0.10
org    -0.80    0.00    0.00
off    -0.40    0.00    0.00
end     1 tailb

def     tailb
dim     0.35    0.07    0.07
org    -0.40    0.00    0.00
off    -0.35    0.00    0.00
end     0

frames  5

pos
0       0.00    2.30    0.00
1      -0.68    2.45    0.00
2      -0.70    2.46    0.00
3      -0.69    2.48    0.00
4      -0.43    2.39    0.00
end

ang     main
0       0.00    0.00    0.00
1       0.00    0.00   16.60
2       0.00    0.00   19.00
3       0.00    0.00   21.00
4       0.00    0.00   11.00
end

ang     neck
0       0.00    0.00  -24.00
1       0.00    0.00  -36.00
2       0.00    0.00  -42.00
3       0.00    0.00  -47.00
4       0.00    0.00  -33.00
end

ang     head
0       0.00    0.00   16.00
1       0.00    0.00   21.00
2       0.00    0.00   22.00
3       0.00    0.00   18.00
4       0.00    0.00   20.00
end

ang     lfup
0       0.00    5.00   21.00
1       0.00    5.00   23.80
2       0.00    5.00   72.00
3       0.00    5.00   35.00
4       0.00    5.00   46.00
end

ang     lflw
0       0.00    0.00  -22.00
1       0.00    3.00  -33.20
2       0.00    0.00  -49.00
3       0.00    3.00  -71.00
4       0.00    2.00  -45.00
end

ang     rfup
0       0.00   -5.00   21.00
1       0.00   -5.00   70.00
2       0.00   -5.00   29.00
3       0.00   -5.00   55.00
4       0.00   -5.00   52.00
end

ang     rflw
0       0.00    0.00  -22.00
1       0.00   -4.00 -105.60
2       0.00    0.00  -81.00
3       0.00   -3.00  -57.00
4       0.00   -2.00  -78.00
end

ang     lhup
0       0.00   -5.00  -12.00
1       0.00   -5.00  -12.00
2       0.00   -5.00  -16.00
3       0.00   -5.00  -20.00
4       0.00   -5.00  -20.00
end

ang     lhlw
0       0.00    0.00   17.00
1       0.00    0.00   17.00
2       0.00    0.00   21.00
3       0.00    0.00   23.00
4       0.00    0.00   26.00
end

ang     rhup
0       0.00    5.00  -12.00
1       0.00    5.00  -18.20
2       0.00    5.00  -25.00
3       0.00    5.00  -29.00
4       0.00    5.00  -27.00
end

ang     rhlw
0       0.00    0.00   17.00
1       0.00    0.00   22.80
2       0.00    0.00   26.00
3       0.00    0.00   23.00
4       0.00    0.00   31.00
end

ang     taila
0       0.00    0.00   67.00
1      30.00    0.00   54.00
2       9.00    0.00   52.00
3     -18.00    0.00   54.00
4     -38.00    0.00   61.00
end

ang     tailb
0       0.00    0.00   26.00
1      41.00    0.00   25.00
2      -7.00    0.00   27.00
3     -61.00    0.00   22.00
4     -55.00    0.00   31.00
end
